# storey storey level [m] φx1 [m] φy1 [m] φz1 [rad] φx2 [m] φy2 [m] φz2 [rad] φx3 [m] φy3 [m] φz3 [rad] 
# CAARC s gets ParOpt: x -> y; y -> z; z -> x
60 240 4.104E-04 -1.424E-01 -1.629E-03 -8.501E-02 -6.251E-04 9.027E-04 2.543E-02 -1.097E-01 2.326E-02
59 236 4.060E-04 -1.393E-01 -1.656E-03 -8.326E-02 -6.208E-04 8.888E-04 2.493E-02 -1.047E-01 2.303E-02
58 232 4.009E-04 -1.362E-01 -1.666E-03 -8.153E-02 -6.007E-04 8.772E-04 2.441E-02 -9.902E-02 2.282E-02
57 228 3.962E-04 -1.331E-01 -1.677E-03 -7.979E-02 -5.846E-04 8.653E-04 2.391E-02 -9.360E-02 2.261E-02
56 224 3.906E-04 -1.300E-01 -1.685E-03 -7.802E-02 -5.646E-04 8.533E-04 2.337E-02 -8.820E-02 2.238E-02
55 220 3.856E-04 -1.268E-01 -1.695E-03 -7.624E-02 -5.459E-04 8.404E-04 2.283E-02 -8.275E-02 2.215E-02
54 216 3.806E-04 -1.237E-01 -1.698E-03 -7.446E-02 -5.230E-04 8.281E-04 2.229E-02 -7.753E-02 2.190E-02
53 212 3.757E-04 -1.205E-01 -1.691E-03 -7.264E-02 -4.984E-04 8.158E-04 2.176E-02 -7.261E-02 2.163E-02
52 208 3.697E-04 -1.172E-01 -1.686E-03 -7.083E-02 -4.749E-04 8.025E-04 2.122E-02 -6.793E-02 2.133E-02
51 204 3.645E-04 -1.142E-01 -1.683E-03 -6.899E-02 -4.459E-04 7.891E-04 2.065E-02 -6.304E-02 2.104E-02
50 200 3.594E-04 -1.109E-01 -1.668E-03 -6.717E-02 -4.169E-04 7.757E-04 2.009E-02 -5.831E-02 2.073E-02
49 196 3.555E-04 -1.077E-01 -1.656E-03 -6.533E-02 -3.981E-04 7.601E-04 1.954E-02 -5.426E-02 2.039E-02
48 192 3.508E-04 -1.045E-01 -1.647E-03 -6.349E-02 -3.801E-04 7.432E-04 1.898E-02 -5.020E-02 2.003E-02
47 188 3.476E-04 -1.013E-01 -1.637E-03 -6.165E-02 -3.591E-04 7.268E-04 1.843E-02 -4.606E-02 1.968E-02
46 184 3.420E-04 -9.807E-02 -1.618E-03 -5.981E-02 -3.390E-04 7.099E-04 1.786E-02 -4.224E-02 1.931E-02
45 180 3.375E-04 -9.481E-02 -1.595E-03 -5.798E-02 -3.236E-04 6.918E-04 1.733E-02 -3.877E-02 1.892E-02
44 176 3.328E-04 -9.165E-02 -1.572E-03 -5.616E-02 -3.111E-04 6.718E-04 1.679E-02 -3.547E-02 1.852E-02
43 172 3.281E-04 -8.844E-02 -1.549E-03 -5.435E-02 -2.907E-04 6.527E-04 1.627E-02 -3.185E-02 1.812E-02
42 168 3.213E-04 -8.525E-02 -1.511E-03 -5.257E-02 -2.944E-04 6.297E-04 1.580E-02 -2.828E-02 1.770E-02
41 164 3.056E-04 -8.205E-02 -1.464E-03 -5.078E-02 -3.631E-04 5.934E-04 1.550E-02 -2.413E-02 1.725E-02
40 160 3.086E-04 -7.888E-02 -1.454E-03 -4.930E-02 -3.959E-04 5.909E-04 1.501E-02 -2.060E-02 1.695E-02
39 156 3.084E-04 -7.602E-02 -1.446E-03 -4.780E-02 -3.266E-04 5.841E-04 1.450E-02 -1.655E-02 1.665E-02
38 152 2.940E-04 -7.307E-02 -1.417E-03 -4.606E-02 -3.635E-04 5.468E-04 1.429E-02 -1.311E-02 1.622E-02
37 148 2.849E-04 -7.014E-02 -1.387E-03 -4.432E-02 -3.423E-04 5.258E-04 1.388E-02 -9.221E-03 1.578E-02
36 144 2.768E-04 -6.719E-02 -1.358E-03 -4.261E-02 -3.085E-04 5.084E-04 1.344E-02 -5.930E-03 1.534E-02
35 140 2.694E-04 -6.426E-02 -1.332E-03 -4.089E-02 -2.771E-04 4.894E-04 1.297E-02 -2.359E-03 1.489E-02
34 136 2.615E-04 -6.135E-02 -1.304E-03 -3.916E-02 -2.517E-04 4.707E-04 1.250E-02 6.758E-04 1.443E-02
33 132 2.537E-04 -5.850E-02 -1.274E-03 -3.746E-02 -2.212E-04 4.522E-04 1.204E-02 3.448E-03 1.395E-02
32 128 2.462E-04 -5.568E-02 -1.248E-03 -3.573E-02 -1.962E-04 4.336E-04 1.156E-02 6.121E-03 1.347E-02
31 124 2.386E-04 -5.290E-02 -1.218E-03 -3.406E-02 -1.723E-04 4.149E-04 1.110E-02 8.663E-03 1.299E-02
30 120 2.306E-04 -5.014E-02 -1.183E-03 -3.240E-02 -1.474E-04 3.964E-04 1.062E-02 1.092E-02 1.250E-02
29 116 2.228E-04 -4.743E-02 -1.153E-03 -3.075E-02 -1.244E-04 3.778E-04 1.016E-02 1.292E-02 1.200E-02
28 112 2.150E-04 -4.477E-02 -1.122E-03 -2.915E-02 -1.033E-04 3.594E-04 9.701E-03 1.478E-02 1.150E-02
27 108 2.066E-04 -4.216E-02 -1.088E-03 -2.756E-02 -8.378E-05 3.401E-04 9.240E-03 1.669E-02 1.100E-02
26 104 1.975E-04 -3.958E-02 -1.051E-03 -2.603E-02 -6.571E-05 3.220E-04 8.805E-03 1.817E-02 1.050E-02
25 100 1.869E-04 -3.710E-02 -1.018E-03 -2.453E-02 -4.770E-05 3.029E-04 8.385E-03 1.954E-02 9.987E-03
24 96 1.760E-04 -3.468E-02 -9.846E-04 -2.309E-02 -3.141E-05 2.848E-04 7.980E-03 2.056E-02 9.487E-03
23 92 1.601E-04 -3.228E-02 -9.315E-04 -2.172E-02 -1.883E-05 2.666E-04 7.619E-03 2.215E-02 9.009E-03
22 88 1.381E-04 -2.997E-02 -8.849E-04 -2.039E-02 -3.237E-05 2.427E-04 7.336E-03 2.292E-02 8.522E-03
21 84 1.100E-04 -2.774E-02 -8.630E-04 -1.928E-02 -6.241E-05 2.223E-04 7.111E-03 2.406E-02 8.122E-03
20 80 8.822E-05 -2.567E-02 -8.395E-04 -1.815E-02 -5.091E-05 2.053E-04 6.834E-03 2.448E-02 7.721E-03
19 76 7.379E-05 -2.360E-02 -8.021E-04 -1.689E-02 -4.567E-05 1.859E-04 6.523E-03 2.492E-02 7.258E-03
18 72 6.232E-05 -2.155E-02 -7.588E-04 -1.564E-02 -3.669E-05 1.695E-04 6.151E-03 2.495E-02 6.783E-03
17 68 5.371E-05 -1.957E-02 -7.129E-04 -1.441E-02 -2.758E-05 1.536E-04 5.743E-03 2.473E-02 6.301E-03
16 64 4.698E-05 -1.765E-02 -6.675E-04 -1.318E-02 -1.800E-05 1.390E-04 5.310E-03 2.430E-02 5.818E-03
15 60 4.114E-05 -1.581E-02 -6.182E-04 -1.199E-02 -1.095E-05 1.241E-04 4.866E-03 2.366E-02 5.342E-03
14 56 3.598E-05 -1.402E-02 -5.683E-04 -1.081E-02 -3.224E-06 1.103E-04 4.428E-03 2.281E-02 4.865E-03
13 52 3.146E-05 -1.234E-02 -5.200E-04 -9.675E-03 3.114E-06 9.692E-05 3.992E-03 2.170E-02 4.388E-03
12 48 2.742E-05 -1.073E-02 -4.718E-04 -8.573E-03 8.087E-06 8.402E-05 3.567E-03 2.041E-02 3.922E-03
11 44 2.326E-05 -9.191E-03 -4.196E-04 -7.509E-03 1.193E-05 7.147E-05 3.142E-03 1.896E-02 3.461E-03
10 40 1.938E-05 -7.754E-03 -3.669E-04 -6.489E-03 1.434E-05 5.952E-05 2.734E-03 1.727E-02 3.010E-03
9 36 1.616E-05 -6.429E-03 -3.193E-04 -5.519E-03 1.658E-05 4.840E-05 2.347E-03 1.552E-02 2.575E-03
8 32 1.317E-05 -5.214E-03 -2.736E-04 -4.599E-03 1.748E-05 3.793E-05 1.967E-03 1.368E-02 2.160E-03
7 28 1.018E-05 -4.089E-03 -2.236E-04 -3.734E-03 1.668E-05 2.772E-05 1.611E-03 1.166E-02 1.758E-03
6 24 7.323E-06 -3.081E-03 -1.748E-04 -2.930E-03 1.446E-05 1.841E-05 1.278E-03 9.531E-03 1.379E-03
5 20 5.381E-06 -2.222E-03 -1.361E-04 -2.192E-03 1.289E-05 1.027E-05 9.610E-04 7.625E-03 1.042E-03
4 16 3.853E-06 -1.496E-03 -1.015E-04 -1.530E-03 1.026E-05 3.068E-06 6.730E-04 5.771E-03 7.395E-04
3 12 1.753E-06 -8.714E-04 -6.071E-05 -9.568E-04 5.686E-06 -3.595E-06 4.292E-04 3.661E-03 4.556E-04
2 8 -1.078E-07 -3.892E-04 -2.465E-05 -4.894E-04 1.934E-07 -9.147E-06 2.306E-04 1.592E-03 2.180E-04
1 4 -5.783E-07 -1.087E-04 -7.891E-06 -1.529E-04 -2.483E-06 -1.269E-05 7.457E-05 5.451E-04 6.970E-05
0 0 0.000E+00 0.000E+00 0.000E+00 0.000E+00 0.000E+00 0.000E+00 0.000E+00 0.000E+00 0.000E+00
